BackL	BackR	FrontL	FrontR	FrontC	FrontRR	BackC	FrontLL
0.0	0.0	0.0	0.0	0.0	0.0	0.0	0.0
0.0	0.0	0.0	0.0	0.0	0.0	0.0	0.0
0.0	0.0	0.0	0.0	0.0	0.0	0.0	0.0
0.0	0.0	0.0	0.0	0.0	0.0	0.0	0.0
0.0	0.0	0.0	0.0	0.0	0.0	0.0	0.0
0.0	0.0	0.0	0.0	0.0	0.0	0.0	0.0
0.0	0.0	0.0	0.0	0.0	0.0	0.0	0.0
0.0	0.0	0.0	0.0	0.0	0.0	0.0	0.0
0.0	0.0	0.0	0.0	0.0	0.0	0.0	0.0
0.0	0.0	0.0	0.0	0.0	0.0	0.0	0.0
0.0	0.0	0.0	0.0	0.0	0.0	0.0	0.0
0.0	0.0	0.0	0.0	0.0	0.0	0.0	0.0
0.0	0.0	0.0	0.0	0.0	0.0	0.0	0.0
9.0	5.0	33.0	32.0	20.0	13.0	24.0	13.0
9.0	5.0	33.0	32.0	20.0	13.0	24.0	13.0
9.0	5.0	33.0	32.0	20.0	13.0	24.0	13.0
9.0	5.0	33.0	32.0	20.0	13.0	24.0	13.0
9.0	5.0	33.0	32.0	20.0	13.0	24.0	13.0
8.0	5.0	43.0	47.0	36.0	21.0	22.0	16.0
8.0	5.0	43.0	47.0	36.0	21.0	22.0	16.0
8.0	5.0	53.0	63.0	34.0	26.0	22.0	19.0
8.0	5.0	53.0	63.0	34.0	26.0	22.0	19.0
8.0	4.0	61.0	72.0	50.0	32.0	23.0	25.0
8.0	4.0	79.0	96.0	57.0	42.0	21.0	27.0
8.0	4.0	79.0	96.0	57.0	42.0	21.0	27.0
8.0	4.0	107.0	128.0	68.0	57.0	21.0	42.0
7.0	4.0	122.0	159.0	90.0	63.0	20.0	49.0
8.0	4.0	156.0	191.0	115.0	83.0	20.0	60.0
8.0	4.0	192.0	238.0	138.0	100.0	20.0	75.0
7.0	4.0	265.0	333.0	180.0	140.0	20.0	99.0
7.0	4.0	443.0	552.0	216.0	176.0	20.0	126.0
7.0	4.0	555.0	728.0	246.0	251.0	20.0	174.0
7.0	4.0	812.0	1077.0	278.0	472.0	19.0	229.0
7.0	4.0	2167.0	3025.0	278.0	472.0	19.0	381.0
7.0	4.0	5933.0	5604.0	358.0	1266.0	19.0	541.0
7.0	4.0	7430.0	6317.0	365.0	1364.0	19.0	650.0
7.0	4.0	7572.0	6669.0	365.0	1426.0	19.0	669.0
7.0	4.0	7633.0	6797.0	361.0	1461.0	19.0	674.0
8.0	4.0	7683.0	6869.0	359.0	1461.0	19.0	681.0
7.0	4.0	7672.0	6826.0	359.0	1482.0	19.0	688.0
7.0	4.0	7751.0	6895.0	357.0	1500.0	19.0	703.0
7.0	4.0	7809.0	6896.0	356.0	1506.0	19.0	711.0
7.0	4.0	7809.0	6949.0	356.0	1521.0	19.0	711.0
7.0	4.0	7831.0	7015.0	355.0	1531.0	18.0	711.0
7.0	4.0	7990.0	7055.0	351.0	1553.0	19.0	727.0
7.0	4.0	8055.0	7349.0	349.0	1594.0	19.0	739.0
7.0	4.0	8036.0	7282.0	349.0	1647.0	19.0	753.0
7.0	4.0	8110.0	7328.0	346.0	1676.0	19.0	770.0
6.0	4.0	8173.0	7392.0	345.0	1704.0	19.0	770.0
7.0	4.0	8231.0	7501.0	345.0	1764.0	18.0	774.0
7.0	4.0	8233.0	7674.0	341.0	1731.0	19.0	782.0
7.0	4.0	8291.0	7736.0	340.0	1760.0	18.0	793.0
7.0	4.0	8441.0	7734.0	339.0	1827.0	19.0	811.0
7.0	4.0	8507.0	7894.0	335.0	1851.0	17.0	825.0
7.0	4.0	8645.0	8118.0	334.0	1851.0	19.0	841.0
7.0	4.0	8826.0	8193.0	330.0	1875.0	19.0	853.0
7.0	4.0	8882.0	8259.0	327.0	1886.0	19.0	869.0
7.0	4.0	9319.0	7770.0	322.0	1917.0	19.0	896.0
8.0	4.0	9365.0	7795.0	319.0	1940.0	19.0	919.0
7.0	4.0	9510.0	7773.0	316.0	1958.0	19.0	940.0
7.0	4.0	9593.0	7685.0	314.0	1973.0	19.0	953.0
7.0	4.0	9623.0	7685.0	314.0	1973.0	19.0	953.0
7.0	4.0	9620.0	7713.0	314.0	1973.0	19.0	953.0
7.0	4.0	9638.0	7713.0	314.0	1976.0	19.0	956.0
8.0	4.0	9690.0	7715.0	313.0	1982.0	18.0	960.0
8.0	4.0	9690.0	7715.0	313.0	1982.0	18.0	960.0
7.0	4.0	9686.0	7681.0	313.0	1977.0	19.0	960.0
7.0	4.0	9668.0	7681.0	313.0	1977.0	19.0	960.0
7.0	4.0	9668.0	7681.0	313.0	1977.0	19.0	960.0
7.0	4.0	9668.0	7681.0	313.0	1977.0	19.0	960.0
7.0	4.0	9672.0	7720.0	314.0	1976.0	19.0	960.0
7.0	4.0	9770.0	7751.0	314.0	1986.0	19.0	961.0
7.0	4.0	9789.0	8174.0	315.0	2003.0	19.0	967.0
7.0	4.0	9782.0	8461.0	315.0	2019.0	19.0	969.0
7.0	4.0	9874.0	8847.0	315.0	2051.0	19.0	975.0
7.0	4.0	10206.0	9032.0	313.0	2100.0	19.0	1007.0
7.0	4.0	10196.0	8909.0	312.0	2149.0	19.0	1018.0
8.0	4.0	10508.0	7985.0	309.0	2226.0	18.0	1114.0
7.0	4.0	7268.0	6150.0	307.0	1712.0	18.0	883.0
7.0	4.0	1320.0	1699.0	284.0	666.0	19.0	310.0
7.0	4.0	878.0	1006.0	293.0	441.0	19.0	249.0
7.0	4.0	369.0	480.0	267.0	252.0	19.0	188.0
7.0	4.0	350.0	399.0	216.0	195.0	19.0	145.0
7.0	4.0	276.0	317.0	177.0	154.0	19.0	114.0
7.0	4.0	212.0	246.0	145.0	116.0	20.0	90.0
7.0	4.0	152.0	206.0	117.0	85.0	19.0	74.0
7.0	4.0	142.0	159.0	96.0	70.0	20.0	62.0
8.0	4.0	122.0	142.0	84.0	70.0	20.0	54.0
8.0	5.0	103.0	117.0	73.0	57.0	20.0	46.0
7.0	4.0	91.0	101.0	68.0	52.0	21.0	41.0
8.0	5.0	78.0	85.0	58.0	41.0	21.0	35.0
8.0	5.0	78.0	85.0	58.0	41.0	21.0	35.0
8.0	4.0	68.0	65.0	48.0	31.0	21.0	30.0
8.0	4.0	68.0	65.0	48.0	31.0	21.0	30.0
8.0	5.0	49.0	55.0	35.0	25.0	22.0	24.0
8.0	5.0	49.0	55.0	35.0	25.0	22.0	24.0
8.0	5.0	49.0	55.0	35.0	25.0	22.0	24.0
7.0	5.0	40.0	39.0	27.0	18.0	22.0	18.0
7.0	5.0	40.0	39.0	27.0	18.0	22.0	18.0
7.0	5.0	40.0	39.0	27.0	18.0	22.0	18.0
7.0	5.0	40.0	39.0	27.0	18.0	22.0	18.0
7.0	5.0	40.0	39.0	27.0	18.0	22.0	18.0
7.0	5.0	40.0	39.0	27.0	18.0	22.0	18.0
7.0	5.0	40.0	39.0	27.0	18.0	22.0	18.0
7.0	5.0	40.0	39.0	27.0	18.0	22.0	18.0
7.0	5.0	40.0	39.0	27.0	18.0	22.0	18.0
7.0	5.0	40.0	39.0	27.0	18.0	22.0	18.0
9.0	7.0	26.0	24.0	11.0	9.0	28.0	11.0
9.0	7.0	26.0	24.0	11.0	9.0	28.0	11.0
9.0	7.0	26.0	24.0	11.0	9.0	28.0	11.0
9.0	7.0	26.0	24.0	11.0	9.0	28.0	11.0
9.0	7.0	26.0	24.0	11.0	9.0	28.0	11.0
9.0	7.0	26.0	24.0	11.0	9.0	28.0	11.0
9.0	7.0	26.0	24.0	11.0	9.0	28.0	11.0
9.0	7.0	26.0	24.0	11.0	9.0	28.0	11.0
9.0	7.0	26.0	24.0	11.0	9.0	28.0	11.0
9.0	7.0	26.0	24.0	11.0	9.0	28.0	11.0
9.0	7.0	26.0	24.0	11.0	9.0	28.0	11.0
9.0	7.0	26.0	24.0	11.0	9.0	28.0	11.0
9.0	7.0	26.0	24.0	11.0	9.0	28.0	11.0
9.0	7.0	26.0	24.0	11.0	9.0	28.0	11.0
13.0	20.0	21.0	19.0	6.0	7.0	44.0	9.0
13.0	20.0	21.0	19.0	6.0	7.0	44.0	9.0
13.0	20.0	21.0	19.0	6.0	7.0	44.0	9.0
13.0	20.0	21.0	19.0	6.0	7.0	44.0	9.0
13.0	20.0	21.0	19.0	6.0	7.0	44.0	9.0
15.0	35.0	20.0	19.0	5.0	8.0	60.0	8.0
15.0	35.0	20.0	19.0	5.0	8.0	60.0	8.0
15.0	35.0	20.0	19.0	5.0	8.0	60.0	8.0
15.0	35.0	20.0	19.0	5.0	8.0	60.0	8.0
17.0	57.0	19.0	19.0	5.0	7.0	73.0	8.0
19.0	61.0	19.0	19.0	5.0	8.0	91.0	7.0
19.0	61.0	19.0	19.0	5.0	8.0	91.0	7.0
21.0	84.0	19.0	19.0	4.0	7.0	118.0	7.0
22.0	84.0	19.0	19.0	7.0	7.0	139.0	7.0
23.0	98.0	18.0	18.0	4.0	7.0	161.0	7.0
31.0	146.0	18.0	19.0	4.0	7.0	233.0	7.0
34.0	171.0	19.0	19.0	4.0	7.0	283.0	7.0
43.0	243.0	19.0	16.0	4.0	10.0	424.0	7.0
50.0	312.0	19.0	19.0	4.0	7.0	578.0	7.0
65.0	459.0	19.0	19.0	4.0	6.0	1097.0	7.0
89.0	758.0	19.0	19.0	4.0	8.0	1685.0	7.0
112.0	1331.0	19.0	19.0	4.0	7.0	3170.0	7.0
164.0	3204.0	19.0	19.0	4.0	7.0	9887.0	7.0
221.0	10899.0	19.0	19.0	4.0	8.0	35598.0	7.0
